Execution Time,Expectation Value,State_0,State_1,State_2,State_3,State_4,State_5,State_6,State_7,State_8,State_9,State_10,State_11,State_12,State_13,State_14,State_15
1.3404192924499512,-0.154,0.075,0.0455,0.021,0.0175,0.169,0.0095,0.104,0.04,0.0405,0.0865,0.0135,0.1865,0.01,0.014,0.0605,0.107
1.2114205360412598,-0.142,0.0855,0.0445,0.018,0.011,0.1705,0.015,0.082,0.051,0.0515,0.089,0.012,0.173,0.0135,0.0205,0.042,0.121
1.278198003768921,-0.148,0.078,0.051,0.009,0.0085,0.185,0.0165,0.0905,0.039,0.0435,0.0845,0.01,0.1635,0.016,0.0255,0.0575,0.122
1.2997186183929443,-0.153,0.087,0.051,0.0085,0.0105,0.1865,0.015,0.0885,0.0475,0.0455,0.0705,0.014,0.162,0.0145,0.018,0.0575,0.1235
1.375777006149292,-0.14,0.084,0.0415,0.012,0.01,0.179,0.0185,0.1025,0.06,0.049,0.0845,0.0115,0.156,0.015,0.0195,0.053,0.104
1.3893840312957764,-0.174,0.084,0.045,0.0095,0.011,0.179,0.0125,0.0895,0.053,0.047,0.084,0.0105,0.1835,0.0135,0.022,0.048,0.108
1.3047468662261963,-0.129,0.0845,0.049,0.0115,0.013,0.1915,0.0145,0.1005,0.047,0.041,0.0725,0.008,0.156,0.0165,0.0185,0.05,0.126
1.3002831935882568,-0.154,0.0845,0.0415,0.006,0.0105,0.182,0.0125,0.088,0.0585,0.0495,0.0785,0.011,0.161,0.0195,0.022,0.0565,0.1185
1.2919948101043701,-0.168,0.0895,0.041,0.011,0.011,0.1725,0.0185,0.095,0.0515,0.051,0.063,0.015,0.1765,0.02,0.0225,0.058,0.104
1.2666652202606201,-0.148,0.0965,0.042,0.0125,0.0125,0.1745,0.018,0.087,0.053,0.04,0.083,0.012,0.179,0.018,0.023,0.05,0.099
1.3007292747497559,-0.168,0.082,0.0515,0.0105,0.009,0.19,0.0255,0.082,0.0615,0.044,0.0725,0.0135,0.161,0.0125,0.0165,0.049,0.119
1.3342235088348389,-0.141,0.0795,0.0505,0.013,0.007,0.173,0.024,0.0955,0.048,0.0495,0.086,0.015,0.1695,0.0175,0.0175,0.0495,0.105
1.3988926410675049,-0.168,0.0865,0.041,0.0115,0.0145,0.201,0.0145,0.0925,0.044,0.0455,0.074,0.0145,0.1665,0.0165,0.0225,0.052,0.103
1.4030356407165527,-0.152,0.093,0.039,0.0155,0.016,0.174,0.021,0.087,0.052,0.048,0.079,0.0075,0.1635,0.015,0.018,0.066,0.1055
1.264582872390747,-0.164,0.091,0.0405,0.016,0.009,0.1785,0.0175,0.0875,0.0525,0.044,0.0815,0.0145,0.178,0.0115,0.0175,0.055,0.1055
1.2771003246307373,-0.125,0.0895,0.037,0.0185,0.0135,0.1795,0.012,0.094,0.05,0.0405,0.0855,0.0095,0.1685,0.0145,0.023,0.0455,0.119
1.3316094875335693,-0.134,0.0855,0.04,0.012,0.0115,0.1755,0.0215,0.1,0.0565,0.049,0.0815,0.012,0.1605,0.0135,0.021,0.0525,0.1075
1.2465693950653076,-0.144,0.0855,0.0555,0.0115,0.0115,0.168,0.0155,0.0965,0.046,0.0445,0.0895,0.007,0.1705,0.0145,0.023,0.053,0.108
1.275130271911621,-0.151,0.0855,0.041,0.011,0.0125,0.19,0.0185,0.092,0.0515,0.0475,0.0835,0.012,0.1655,0.0215,0.019,0.05,0.099
1.3441896438598633,-0.149,0.0885,0.0425,0.014,0.0145,0.1785,0.0195,0.087,0.0485,0.0465,0.0835,0.0125,0.1785,0.0175,0.015,0.051,0.1025
1.2609548568725586,-0.174,0.0855,0.0455,0.014,0.0165,0.176,0.0175,0.079,0.051,0.051,0.081,0.0145,0.169,0.015,0.021,0.0595,0.104
1.3404862880706787,-0.192,0.074,0.0465,0.0155,0.015,0.184,0.0145,0.0875,0.0515,0.053,0.0855,0.0095,0.17,0.015,0.021,0.0545,0.103
1.211904764175415,-0.193,0.08,0.0385,0.016,0.013,0.192,0.0205,0.0895,0.052,0.051,0.0735,0.011,0.172,0.015,0.0235,0.0515,0.101
1.2577672004699707,-0.138,0.0865,0.048,0.0145,0.014,0.1745,0.0205,0.0855,0.053,0.045,0.078,0.013,0.1735,0.0115,0.018,0.0425,0.122
1.2840111255645752,-0.169,0.0855,0.042,0.0145,0.0115,0.177,0.014,0.0905,0.0455,0.048,0.0815,0.0185,0.172,0.013,0.023,0.0625,0.101
1.3696362972259521,-0.139,0.082,0.051,0.0135,0.014,0.182,0.011,0.0915,0.049,0.0415,0.0905,0.0095,0.169,0.019,0.016,0.0475,0.113
1.2878291606903076,-0.153,0.09,0.0465,0.017,0.0125,0.1805,0.0135,0.087,0.049,0.0415,0.0865,0.01,0.1705,0.015,0.017,0.0545,0.109
1.2933104038238525,-0.165,0.0885,0.04,0.0125,0.0125,0.185,0.015,0.0905,0.053,0.0555,0.0805,0.018,0.1665,0.007,0.0195,0.0505,0.1055
1.4029960632324219,-0.142,0.0775,0.046,0.016,0.014,0.1755,0.017,0.096,0.045,0.0455,0.0855,0.0055,0.158,0.0205,0.0245,0.0605,0.113
1.3007206916809082,-0.124,0.088,0.042,0.016,0.0095,0.1795,0.018,0.0855,0.053,0.0365,0.091,0.012,0.1605,0.02,0.021,0.0535,0.114
1.287961721420288,-0.176,0.0765,0.0505,0.0155,0.0085,0.1765,0.0115,0.1065,0.0515,0.045,0.0855,0.0105,0.178,0.0155,0.0215,0.0495,0.0975
1.2783746719360352,-0.157,0.089,0.044,0.01,0.012,0.1785,0.017,0.0835,0.0495,0.0495,0.0865,0.007,0.171,0.014,0.0195,0.0565,0.1125
1.3044915199279785,-0.187,0.067,0.053,0.0135,0.0115,0.183,0.0165,0.09,0.053,0.0485,0.0855,0.0115,0.1615,0.019,0.031,0.05,0.1055
1.288379192352295,-0.133,0.087,0.0455,0.013,0.011,0.164,0.0135,0.091,0.054,0.047,0.0805,0.0155,0.163,0.014,0.0295,0.0505,0.121
1.4005894660949707,-0.164,0.0845,0.0485,0.0125,0.014,0.1735,0.0165,0.091,0.049,0.0485,0.0775,0.0115,0.178,0.0105,0.018,0.054,0.1125
1.3837850093841553,-0.134,0.09,0.0475,0.015,0.012,0.1765,0.022,0.0885,0.057,0.046,0.086,0.015,0.161,0.013,0.016,0.048,0.1065
1.280707836151123,-0.148,0.0945,0.051,0.011,0.01,0.176,0.0165,0.093,0.0445,0.0505,0.0805,0.012,0.165,0.0155,0.016,0.06,0.104
1.3368339538574219,-0.157,0.079,0.0475,0.0145,0.015,0.1755,0.0195,0.0905,0.0485,0.0485,0.0795,0.013,0.1655,0.015,0.026,0.0525,0.11
1.2924649715423584,-0.117,0.0835,0.0425,0.011,0.01,0.1875,0.02,0.0945,0.0445,0.0415,0.088,0.014,0.162,0.0145,0.0205,0.049,0.117
1.2870087623596191,-0.145,0.089,0.046,0.014,0.0135,0.2015,0.0135,0.097,0.051,0.041,0.081,0.0105,0.1565,0.014,0.0205,0.042,0.109
1.3378167152404785,-0.146,0.0965,0.045,0.012,0.0145,0.1825,0.0185,0.092,0.0525,0.052,0.0725,0.0105,0.154,0.0145,0.019,0.056,0.108
1.3157191276550293,-0.178,0.075,0.0525,0.013,0.015,0.183,0.0125,0.09,0.0555,0.049,0.0875,0.0105,0.1635,0.0205,0.0245,0.048,0.1
1.2680301666259766,-0.136,0.0895,0.044,0.016,0.0105,0.173,0.016,0.0915,0.05,0.042,0.0825,0.013,0.1695,0.0175,0.0195,0.054,0.1115
1.4132897853851318,-0.128,0.094,0.053,0.0125,0.0155,0.1725,0.019,0.0815,0.0505,0.0525,0.1005,0.009,0.1525,0.0135,0.0175,0.053,0.103
1.36350679397583,-0.185,0.078,0.0455,0.018,0.016,0.1815,0.0145,0.088,0.055,0.05,0.089,0.014,0.1675,0.0145,0.023,0.052,0.0935
1.3443994522094727,-0.118,0.086,0.0425,0.014,0.0145,0.1685,0.0135,0.102,0.0455,0.0445,0.075,0.0135,0.1765,0.0155,0.02,0.0475,0.121
1.2817111015319824,-0.153,0.0775,0.047,0.0095,0.0105,0.1775,0.0135,0.0905,0.0625,0.045,0.083,0.008,0.17,0.018,0.0175,0.0475,0.1225
1.4250454902648926,-0.182,0.0815,0.0455,0.013,0.016,0.19,0.015,0.0875,0.0605,0.044,0.083,0.011,0.166,0.018,0.0195,0.0525,0.097
1.2809441089630127,-0.182,0.081,0.044,0.0135,0.0085,0.178,0.018,0.0945,0.055,0.0505,0.0775,0.011,0.178,0.0155,0.021,0.051,0.103
1.3177506923675537,-0.133,0.08,0.053,0.014,0.0115,0.1765,0.02,0.091,0.0425,0.036,0.08,0.0095,0.1695,0.0185,0.0225,0.0525,0.123
1.2796313762664795,-0.167,0.0725,0.0425,0.0125,0.0125,0.173,0.0195,0.0915,0.0565,0.0455,0.0815,0.0145,0.177,0.0165,0.025,0.0515,0.108
1.323047399520874,-0.189,0.0795,0.0445,0.0195,0.014,0.1635,0.014,0.0965,0.0615,0.051,0.0795,0.008,0.1795,0.0145,0.025,0.05,0.0995
1.3652398586273193,-0.137,0.086,0.04,0.01,0.0105,0.1865,0.0165,0.0935,0.047,0.0445,0.084,0.0115,0.1715,0.017,0.0215,0.0475,0.1125
1.3665046691894531,-0.13,0.0935,0.047,0.013,0.012,0.156,0.0165,0.0845,0.0505,0.0455,0.082,0.016,0.1705,0.0135,0.024,0.0585,0.117
1.4804763793945312,-0.146,0.0885,0.0485,0.013,0.009,0.1815,0.0205,0.086,0.053,0.0495,0.081,0.014,0.155,0.019,0.0195,0.053,0.109
1.3084971904754639,-0.17,0.0765,0.0455,0.0105,0.01,0.173,0.0165,0.0885,0.0535,0.045,0.078,0.012,0.177,0.0155,0.024,0.0565,0.118
1.3129937648773193,-0.156,0.0805,0.043,0.019,0.0235,0.1585,0.01,0.108,0.053,0.043,0.076,0.0145,0.188,0.0135,0.0155,0.058,0.096
1.370237112045288,-0.122,0.0805,0.047,0.011,0.0125,0.175,0.0195,0.097,0.0515,0.047,0.0885,0.0105,0.1615,0.0165,0.0175,0.0505,0.114
1.2830867767333984,-0.146,0.0885,0.0375,0.0135,0.011,0.176,0.0155,0.0975,0.054,0.046,0.08,0.01,0.1675,0.017,0.022,0.0565,0.1075
1.3123860359191895,-0.103,0.09,0.049,0.0145,0.0115,0.179,0.0185,0.095,0.054,0.0465,0.082,0.014,0.14,0.0135,0.0165,0.052,0.124
1.3670861721038818,-0.124,0.0895,0.0425,0.017,0.0185,0.183,0.0165,0.092,0.05,0.0435,0.0835,0.012,0.1535,0.0145,0.02,0.0525,0.1115
1.3450400829315186,-0.126,0.081,0.047,0.01,0.0105,0.184,0.02,0.0905,0.0495,0.043,0.091,0.0105,0.164,0.0195,0.021,0.0445,0.114
1.3232827186584473,-0.163,0.091,0.0435,0.011,0.013,0.1835,0.023,0.0835,0.053,0.045,0.085,0.0075,0.1745,0.0135,0.022,0.049,0.102
1.277881145477295,-0.119,0.086,0.037,0.0105,0.015,0.1795,0.0165,0.099,0.047,0.046,0.0795,0.012,0.1595,0.016,0.024,0.056,0.1165
1.33317232131958,-0.121,0.0835,0.047,0.015,0.015,0.188,0.016,0.1025,0.046,0.035,0.08,0.0115,0.161,0.011,0.017,0.0515,0.12
1.271536111831665,-0.161,0.079,0.052,0.011,0.014,0.164,0.0175,0.0905,0.049,0.049,0.088,0.0085,0.174,0.01,0.0185,0.063,0.112
1.3229186534881592,-0.112,0.086,0.042,0.018,0.0135,0.177,0.015,0.1075,0.055,0.0455,0.087,0.0105,0.1575,0.0145,0.0155,0.0455,0.11
1.3713650703430176,-0.141,0.094,0.0545,0.0095,0.0115,0.1745,0.019,0.0875,0.043,0.0445,0.087,0.0115,0.1795,0.0145,0.017,0.048,0.1045
1.3775694370269775,-0.165,0.086,0.0415,0.0125,0.01,0.178,0.013,0.085,0.0525,0.051,0.0845,0.0155,0.1655,0.017,0.022,0.0595,0.1065
1.3043456077575684,-0.132,0.088,0.045,0.017,0.0115,0.17,0.019,0.0925,0.0525,0.0475,0.0875,0.009,0.167,0.014,0.024,0.043,0.1125
1.3781657218933105,-0.162,0.079,0.049,0.01,0.0145,0.185,0.0155,0.0885,0.0455,0.045,0.0875,0.011,0.164,0.0185,0.024,0.0585,0.1045
1.2519922256469727,-0.185,0.0805,0.0475,0.012,0.008,0.1985,0.0145,0.093,0.0585,0.045,0.079,0.0065,0.1575,0.012,0.021,0.0525,0.114
1.3722286224365234,-0.152,0.087,0.0505,0.015,0.0135,0.1735,0.0145,0.096,0.046,0.049,0.0825,0.01,0.1635,0.014,0.024,0.0545,0.1065
1.3708996772766113,-0.18,0.069,0.044,0.014,0.0125,0.1875,0.0175,0.093,0.052,0.045,0.073,0.009,0.1665,0.0165,0.0215,0.0595,0.1195
1.3180856704711914,-0.171,0.0835,0.044,0.0145,0.01,0.1805,0.015,0.09,0.0505,0.044,0.081,0.0135,0.1705,0.014,0.022,0.0595,0.1075
1.260169506072998,-0.182,0.0895,0.048,0.012,0.008,0.19,0.019,0.083,0.054,0.054,0.0765,0.012,0.1585,0.0155,0.019,0.0555,0.1055
1.4264883995056152,-0.169,0.093,0.053,0.0135,0.0085,0.169,0.0135,0.0905,0.0535,0.0515,0.078,0.0115,0.1625,0.016,0.0205,0.061,0.1045
1.3659965991973877,-0.165,0.089,0.052,0.009,0.014,0.171,0.0155,0.0945,0.054,0.0525,0.0795,0.0105,0.161,0.0125,0.025,0.058,0.102
1.3172276020050049,-0.123,0.09,0.045,0.013,0.0155,0.1775,0.0135,0.093,0.0475,0.042,0.091,0.007,0.1605,0.015,0.0185,0.0575,0.1135
1.400864839553833,-0.156,0.0895,0.046,0.0175,0.009,0.181,0.0225,0.0835,0.055,0.0485,0.0715,0.011,0.161,0.015,0.0165,0.0525,0.12
1.2898623943328857,-0.097,0.1005,0.0425,0.01,0.009,0.1715,0.0225,0.0925,0.0505,0.0385,0.079,0.0115,0.162,0.0145,0.022,0.0515,0.122
1.3411681652069092,-0.091,0.0975,0.056,0.007,0.0125,0.1745,0.0165,0.109,0.046,0.0415,0.0885,0.0095,0.1435,0.0165,0.025,0.052,0.1045
1.3045263290405273,-0.158,0.0885,0.0445,0.0165,0.0135,0.179,0.0215,0.085,0.0435,0.048,0.081,0.0135,0.172,0.0145,0.028,0.0475,0.1035
1.3601164817810059,-0.121,0.088,0.056,0.013,0.011,0.1545,0.0215,0.1,0.0505,0.0405,0.077,0.02,0.163,0.022,0.0195,0.0635,0.1
1.387317180633545,-0.127,0.0905,0.0465,0.0155,0.0125,0.175,0.021,0.0925,0.0475,0.0515,0.0785,0.0185,0.149,0.0115,0.02,0.0585,0.1115
1.2947983741760254,-0.143,0.0835,0.05,0.014,0.011,0.1785,0.014,0.089,0.053,0.0435,0.0885,0.015,0.1715,0.0205,0.0175,0.0435,0.107
1.305863380432129,-0.165,0.0805,0.0475,0.015,0.0115,0.185,0.0195,0.0915,0.0525,0.0495,0.0775,0.0115,0.165,0.017,0.014,0.054,0.1085
1.3693194389343262,-0.157,0.0875,0.0355,0.0145,0.0135,0.1815,0.0195,0.0865,0.051,0.051,0.077,0.012,0.172,0.015,0.0165,0.0565,0.1105
1.3530561923980713,-0.166,0.089,0.05,0.0105,0.01,0.19,0.022,0.082,0.0475,0.042,0.072,0.015,0.169,0.013,0.018,0.056,0.114
1.2946803569793701,-0.134,0.1025,0.0385,0.014,0.0105,0.1735,0.019,0.09,0.0535,0.053,0.077,0.012,0.1665,0.0145,0.019,0.049,0.1075
1.2273108959197998,-0.161,0.089,0.046,0.016,0.0145,0.185,0.019,0.0875,0.0505,0.0455,0.08,0.0145,0.165,0.0105,0.018,0.0545,0.1045
1.3117344379425049,-0.173,0.0685,0.0485,0.0115,0.012,0.19,0.0175,0.0935,0.058,0.047,0.086,0.013,0.1605,0.018,0.0235,0.0475,0.105
1.3360109329223633,-0.134,0.0835,0.047,0.01,0.007,0.1865,0.02,0.1015,0.0465,0.05,0.081,0.0125,0.1585,0.011,0.018,0.0505,0.1165
1.3290715217590332,-0.145,0.0765,0.0495,0.0125,0.015,0.1805,0.0155,0.102,0.059,0.0375,0.08,0.0125,0.1615,0.0175,0.017,0.055,0.1085
1.3570621013641357,-0.153,0.081,0.042,0.013,0.0125,0.185,0.0265,0.09,0.0575,0.0485,0.089,0.013,0.159,0.0115,0.0225,0.049,0.1
1.2928895950317383,-0.089,0.0925,0.044,0.0185,0.011,0.1605,0.018,0.1045,0.0495,0.045,0.0765,0.012,0.1575,0.01,0.022,0.0475,0.131
1.2742125988006592,-0.193,0.0875,0.0505,0.0145,0.0125,0.174,0.0125,0.0875,0.0505,0.049,0.0815,0.01,0.1805,0.015,0.021,0.0565,0.097
1.2840650081634521,-0.167,0.097,0.055,0.009,0.0085,0.1845,0.014,0.0935,0.046,0.0455,0.077,0.0135,0.1745,0.014,0.021,0.048,0.099
1.2545640468597412,-0.191,0.0815,0.048,0.0155,0.0125,0.202,0.0155,0.091,0.0525,0.048,0.0725,0.011,0.1585,0.016,0.0185,0.0525,0.1045
1.316429615020752,-0.143,0.088,0.056,0.0155,0.0095,0.164,0.0235,0.097,0.05,0.043,0.0865,0.0125,0.1735,0.014,0.0215,0.048,0.0975
1.3272218704223633,-0.135,0.0875,0.05,0.012,0.0115,0.177,0.011,0.083,0.0515,0.0485,0.097,0.0085,0.1645,0.012,0.0195,0.0445,0.122
1.3631107807159424,-0.14,0.092,0.046,0.0105,0.008,0.1865,0.017,0.0925,0.0485,0.0415,0.077,0.013,0.1625,0.0165,0.019,0.0555,0.114
1.3362884521484375,-0.147,0.0775,0.054,0.011,0.01,0.169,0.022,0.0915,0.0565,0.043,0.086,0.0125,0.1575,0.0195,0.019,0.0635,0.1075
1.394320011138916,-0.135,0.0885,0.045,0.01,0.014,0.1785,0.02,0.0865,0.046,0.049,0.0875,0.013,0.157,0.019,0.019,0.063,0.104
1.3041753768920898,-0.137,0.0865,0.0415,0.012,0.012,0.167,0.014,0.099,0.0545,0.0465,0.0765,0.013,0.1685,0.0145,0.022,0.0565,0.116
1.2969248294830322,-0.153,0.0825,0.044,0.0155,0.013,0.181,0.013,0.087,0.055,0.047,0.076,0.0075,0.1645,0.0205,0.0225,0.047,0.124
1.3508360385894775,-0.161,0.082,0.0535,0.011,0.014,0.176,0.013,0.0875,0.047,0.049,0.086,0.01,0.1645,0.0195,0.0245,0.055,0.1075
1.300083875656128,-0.116,0.092,0.0425,0.0105,0.0165,0.1695,0.0145,0.0955,0.0485,0.044,0.087,0.0115,0.165,0.017,0.019,0.059,0.108
1.2526888847351074,-0.158,0.089,0.043,0.0155,0.009,0.1835,0.0195,0.097,0.0585,0.0445,0.073,0.0145,0.16,0.0165,0.021,0.053,0.1025
1.343871831893921,-0.159,0.093,0.043,0.014,0.012,0.1935,0.0155,0.082,0.042,0.0565,0.074,0.015,0.1615,0.013,0.0195,0.0495,0.116
1.425814151763916,-0.148,0.092,0.0425,0.019,0.014,0.1945,0.0145,0.09,0.053,0.048,0.0785,0.013,0.142,0.0155,0.0175,0.0575,0.1085
1.2649390697479248,-0.147,0.0955,0.045,0.0145,0.0115,0.174,0.0165,0.093,0.0595,0.0515,0.071,0.0115,0.16,0.015,0.021,0.048,0.1125
1.294386863708496,-0.156,0.0885,0.044,0.014,0.014,0.19,0.018,0.086,0.0545,0.0435,0.083,0.0105,0.1635,0.0175,0.0225,0.046,0.1045
1.2760059833526611,-0.167,0.0925,0.036,0.016,0.01,0.182,0.02,0.0905,0.0515,0.046,0.0725,0.009,0.181,0.011,0.018,0.053,0.111
1.3615913391113281,-0.145,0.0815,0.0505,0.009,0.0145,0.177,0.013,0.0905,0.0525,0.039,0.085,0.0095,0.1655,0.016,0.0265,0.0525,0.1175
1.3029253482818604,-0.164,0.086,0.0495,0.0105,0.011,0.186,0.0165,0.086,0.051,0.0505,0.0815,0.0095,0.162,0.012,0.021,0.0515,0.1155
1.2727653980255127,-0.111,0.0835,0.044,0.016,0.0215,0.152,0.0095,0.1055,0.0445,0.041,0.0925,0.0205,0.189,0.012,0.0175,0.0515,0.0995
1.2627408504486084,-0.13,0.0775,0.044,0.0135,0.015,0.163,0.008,0.1225,0.0545,0.038,0.0825,0.012,0.1825,0.014,0.017,0.0525,0.1035
1.2734942436218262,-0.14,0.092,0.044,0.013,0.0075,0.172,0.0155,0.091,0.0485,0.0595,0.0835,0.015,0.172,0.016,0.022,0.039,0.1095
1.339695930480957,-0.163,0.085,0.0525,0.012,0.0115,0.176,0.0225,0.0925,0.0515,0.043,0.074,0.0125,0.1675,0.0135,0.0225,0.0565,0.107
1.3143746852874756,-0.131,0.076,0.042,0.0145,0.015,0.1685,0.013,0.094,0.049,0.044,0.094,0.013,0.1725,0.0195,0.019,0.056,0.11
1.3137929439544678,-0.154,0.088,0.0465,0.018,0.0115,0.19,0.0155,0.0945,0.0515,0.0435,0.086,0.0085,0.155,0.0155,0.0185,0.054,0.1035
1.2802231311798096,-0.133,0.085,0.0385,0.008,0.008,0.1755,0.0215,0.094,0.05,0.045,0.0855,0.0195,0.171,0.015,0.0195,0.059,0.105
1.261749505996704,-0.154,0.091,0.0505,0.014,0.015,0.177,0.0165,0.0885,0.05,0.05,0.078,0.0075,0.169,0.0115,0.018,0.0485,0.115
1.4698328971862793,-0.163,0.0875,0.043,0.0125,0.0095,0.192,0.0185,0.094,0.047,0.0445,0.0725,0.0155,0.171,0.0105,0.0205,0.051,0.1105
1.2509944438934326,-0.126,0.087,0.0415,0.0115,0.0115,0.1795,0.0165,0.093,0.062,0.0425,0.0865,0.0145,0.1615,0.0175,0.014,0.0505,0.1105
1.2952322959899902,-0.1,0.0985,0.0485,0.013,0.0125,0.1565,0.013,0.093,0.0505,0.0425,0.0955,0.0085,0.177,0.0155,0.0175,0.0445,0.1135
1.3129713535308838,-0.134,0.078,0.045,0.016,0.008,0.1725,0.0175,0.092,0.0495,0.0525,0.089,0.0115,0.1595,0.0125,0.0175,0.0545,0.1245
1.2874577045440674,-0.185,0.0815,0.053,0.02,0.0135,0.188,0.0155,0.0775,0.044,0.0425,0.0915,0.0075,0.162,0.014,0.025,0.058,0.1065
1.2496047019958496,-0.135,0.0765,0.0455,0.0095,0.0135,0.182,0.019,0.0985,0.051,0.0405,0.0805,0.0095,0.174,0.0195,0.018,0.047,0.1155
1.2513108253479004,-0.156,0.085,0.0425,0.0155,0.011,0.1695,0.0175,0.0885,0.0575,0.0525,0.089,0.012,0.1735,0.012,0.019,0.048,0.107
1.315464735031128,-0.123,0.083,0.039,0.01,0.011,0.1885,0.0125,0.097,0.0585,0.0305,0.0805,0.018,0.162,0.0145,0.02,0.053,0.122
1.235349416732788,-0.159,0.087,0.0505,0.013,0.0135,0.1805,0.011,0.0925,0.0525,0.0405,0.0825,0.0095,0.173,0.0115,0.0205,0.049,0.113
1.4464352130889893,-0.12,0.085,0.041,0.016,0.0115,0.177,0.0185,0.0905,0.0505,0.046,0.099,0.011,0.1505,0.0165,0.023,0.056,0.108
1.4924898147583008,-0.168,0.0875,0.0495,0.0115,0.009,0.1745,0.0175,0.0795,0.0545,0.042,0.085,0.01,0.173,0.0165,0.0265,0.0525,0.111
1.3958494663238525,-0.169,0.0795,0.054,0.0165,0.0125,0.1755,0.012,0.087,0.043,0.0495,0.089,0.0075,0.17,0.013,0.0195,0.0565,0.115
1.2969694137573242,-0.145,0.077,0.042,0.014,0.0095,0.168,0.0105,0.0985,0.059,0.039,0.091,0.01,0.1785,0.0155,0.0215,0.0505,0.1155
1.3608558177947998,-0.164,0.0825,0.0455,0.015,0.0085,0.1775,0.015,0.087,0.047,0.057,0.0835,0.017,0.176,0.015,0.0125,0.0515,0.1095
1.2795963287353516,-0.158,0.081,0.05,0.0095,0.01,0.175,0.0165,0.084,0.051,0.049,0.076,0.0135,0.1695,0.021,0.0245,0.0505,0.119
1.2596898078918457,-0.11,0.0875,0.054,0.01,0.0135,0.1605,0.021,0.097,0.055,0.0475,0.088,0.011,0.1595,0.0155,0.016,0.0525,0.1115
1.3106703758239746,-0.198,0.0825,0.0465,0.017,0.0125,0.185,0.019,0.0885,0.049,0.05,0.073,0.0115,0.1715,0.0125,0.024,0.056,0.1015
1.4328041076660156,-0.149,0.0795,0.042,0.0135,0.0085,0.194,0.0175,0.103,0.0465,0.0365,0.084,0.0085,0.1705,0.0135,0.0175,0.054,0.111
1.2773406505584717,-0.141,0.0855,0.048,0.015,0.0125,0.171,0.0175,0.0845,0.049,0.0505,0.0845,0.0135,0.156,0.0145,0.022,0.059,0.117
1.3662781715393066,-0.118,0.0805,0.042,0.012,0.0135,0.162,0.0205,0.0935,0.0565,0.043,0.0755,0.015,0.175,0.017,0.021,0.0475,0.1255
1.3377199172973633,-0.171,0.0765,0.062,0.014,0.01,0.1755,0.015,0.0905,0.0525,0.044,0.084,0.008,0.1625,0.019,0.0195,0.0555,0.1115
1.3732092380523682,-0.172,0.0785,0.0475,0.0165,0.013,0.188,0.017,0.09,0.056,0.0525,0.069,0.0105,0.1525,0.0185,0.0225,0.0505,0.1175
1.2959778308868408,-0.167,0.0765,0.05,0.0105,0.01,0.184,0.0185,0.095,0.049,0.0505,0.0685,0.016,0.167,0.0185,0.0215,0.051,0.1135
1.3404269218444824,-0.165,0.0935,0.0475,0.0155,0.0095,0.1915,0.0175,0.082,0.0475,0.044,0.074,0.014,0.164,0.0125,0.0235,0.049,0.1145
1.330085039138794,-0.186,0.082,0.0555,0.0155,0.0085,0.1825,0.014,0.095,0.049,0.0445,0.0715,0.0115,0.1775,0.013,0.0175,0.051,0.1115
1.379784107208252,-0.167,0.091,0.0505,0.012,0.01,0.1735,0.016,0.0875,0.053,0.0475,0.0785,0.0155,0.1685,0.012,0.0225,0.056,0.106
1.3023817539215088,-0.146,0.0925,0.0385,0.0135,0.0105,0.181,0.017,0.0835,0.057,0.0505,0.083,0.013,0.157,0.017,0.0215,0.054,0.1105
1.2929506301879883,-0.144,0.098,0.0455,0.0105,0.011,0.1755,0.0195,0.0915,0.0545,0.0435,0.0835,0.0095,0.173,0.021,0.018,0.0515,0.094
1.2463161945343018,-0.169,0.0825,0.0425,0.019,0.005,0.192,0.0195,0.0915,0.05,0.04,0.084,0.0195,0.165,0.0155,0.025,0.051,0.098
1.300384759902954,-0.118,0.0925,0.0425,0.0165,0.015,0.1835,0.0175,0.096,0.0445,0.045,0.083,0.014,0.1615,0.0185,0.0175,0.048,0.1045
1.2698922157287598,-0.147,0.0855,0.053,0.014,0.0145,0.19,0.0145,0.097,0.0535,0.0425,0.0815,0.0105,0.1545,0.0155,0.0205,0.0455,0.1075
1.302180528640747,-0.21,0.083,0.0445,0.014,0.0125,0.18,0.0155,0.079,0.0545,0.0505,0.0755,0.009,0.179,0.017,0.0265,0.056,0.1035
1.300105094909668,-0.124,0.08,0.043,0.0125,0.0105,0.1655,0.014,0.098,0.0495,0.0465,0.0925,0.011,0.169,0.0185,0.023,0.053,0.1135
1.3173573017120361,-0.146,0.087,0.051,0.015,0.0145,0.176,0.022,0.0865,0.0515,0.042,0.0785,0.0135,0.1555,0.0155,0.0215,0.0605,0.1095
1.3007042407989502,-0.141,0.0905,0.0445,0.0155,0.0085,0.179,0.019,0.088,0.054,0.045,0.0795,0.013,0.1585,0.0135,0.0215,0.0525,0.1175
1.2669243812561035,-0.164,0.0855,0.0415,0.0155,0.0135,0.1845,0.0125,0.0905,0.049,0.044,0.0835,0.012,0.172,0.016,0.0195,0.056,0.1045
1.2464430332183838,-0.105,0.094,0.0375,0.0115,0.0095,0.158,0.016,0.101,0.048,0.046,0.0825,0.014,0.18,0.0125,0.0145,0.057,0.118
1.3144261837005615,-0.139,0.0845,0.0435,0.0145,0.0155,0.1655,0.0175,0.095,0.0595,0.051,0.0865,0.014,0.1595,0.01,0.0185,0.0575,0.1075
1.3725876808166504,-0.143,0.0915,0.0435,0.0155,0.014,0.1745,0.0195,0.0975,0.0445,0.042,0.08,0.0135,0.1785,0.013,0.0145,0.0585,0.0995
1.329399585723877,-0.138,0.0935,0.046,0.013,0.0075,0.1845,0.022,0.089,0.049,0.0425,0.0905,0.012,0.1695,0.012,0.0255,0.039,0.1045
1.2959494590759277,-0.136,0.0805,0.041,0.0095,0.0145,0.1825,0.0195,0.0935,0.048,0.049,0.0905,0.012,0.164,0.016,0.0255,0.0485,0.1055
1.292499303817749,-0.138,0.086,0.061,0.016,0.008,0.1875,0.018,0.0875,0.044,0.043,0.089,0.012,0.1535,0.0145,0.021,0.043,0.116
1.3161168098449707,-0.167,0.071,0.0405,0.013,0.01,0.1855,0.021,0.0905,0.052,0.044,0.074,0.014,0.1725,0.017,0.0195,0.0565,0.119
1.301619291305542,-0.166,0.084,0.0485,0.0135,0.01,0.1755,0.0165,0.087,0.0495,0.0505,0.078,0.0095,0.1665,0.0235,0.02,0.059,0.1085
1.3165388107299805,-0.195,0.0865,0.052,0.0115,0.015,0.1875,0.0115,0.0765,0.046,0.0535,0.075,0.0105,0.1715,0.017,0.025,0.0505,0.1105
1.2714829444885254,-0.131,0.082,0.0455,0.013,0.016,0.1805,0.0165,0.097,0.053,0.0425,0.0765,0.0125,0.1585,0.0135,0.0225,0.05,0.1205
1.2745997905731201,-0.176,0.08,0.0405,0.0145,0.0095,0.1845,0.019,0.087,0.0555,0.0485,0.0815,0.014,0.17,0.0105,0.0195,0.055,0.1105
1.3732235431671143,-0.154,0.0755,0.052,0.014,0.0095,0.169,0.018,0.097,0.0555,0.044,0.0815,0.0135,0.163,0.0175,0.0255,0.054,0.1105
1.4782021045684814,-0.147,0.089,0.0465,0.018,0.0085,0.1875,0.013,0.0965,0.0575,0.038,0.071,0.0145,0.1545,0.0145,0.014,0.0575,0.1195
1.3265659809112549,-0.179,0.0775,0.0505,0.014,0.009,0.1865,0.0125,0.0985,0.0515,0.0455,0.076,0.0115,0.1605,0.018,0.0255,0.0555,0.1075
1.445467233657837,-0.164,0.083,0.044,0.0125,0.0135,0.181,0.014,0.094,0.0475,0.0495,0.0845,0.012,0.1695,0.0145,0.024,0.054,0.1025
1.424391508102417,-0.162,0.08,0.041,0.017,0.011,0.1705,0.0235,0.093,0.049,0.0505,0.078,0.0115,0.1775,0.0125,0.021,0.0545,0.1095
1.3465874195098877,-0.125,0.1025,0.0545,0.0115,0.014,0.1675,0.019,0.0885,0.044,0.0455,0.0795,0.011,0.165,0.014,0.024,0.0505,0.109
1.2851824760437012,-0.177,0.081,0.0395,0.0105,0.0115,0.1845,0.0165,0.0845,0.056,0.043,0.07,0.01,0.1775,0.017,0.0215,0.056,0.121
1.3592817783355713,-0.161,0.077,0.044,0.014,0.0165,0.192,0.0175,0.092,0.0535,0.049,0.09,0.009,0.16,0.014,0.0155,0.0525,0.1035
1.313805103302002,-0.174,0.088,0.054,0.011,0.0075,0.1855,0.014,0.0945,0.048,0.044,0.085,0.0075,0.1625,0.0125,0.023,0.059,0.104
1.3283729553222656,-0.139,0.0845,0.0495,0.01,0.008,0.1895,0.0195,0.098,0.043,0.0455,0.079,0.0155,0.161,0.017,0.0215,0.0495,0.109
1.3716187477111816,-0.165,0.0955,0.0355,0.0135,0.011,0.197,0.02,0.0805,0.0495,0.049,0.0725,0.017,0.159,0.0145,0.0225,0.0565,0.1065
1.3438804149627686,-0.142,0.075,0.042,0.0155,0.013,0.1775,0.024,0.095,0.0425,0.049,0.077,0.01,0.1765,0.0185,0.0205,0.0475,0.1165
1.4329476356506348,-0.142,0.093,0.0465,0.013,0.01,0.1805,0.016,0.09,0.05,0.041,0.071,0.0125,0.1645,0.0155,0.017,0.0585,0.121
1.3749661445617676,-0.181,0.0815,0.0535,0.016,0.012,0.1725,0.017,0.081,0.0485,0.051,0.0795,0.0155,0.1765,0.0175,0.02,0.0525,0.1055
1.3341057300567627,-0.158,0.076,0.0525,0.019,0.017,0.1595,0.0105,0.1235,0.0545,0.046,0.0795,0.0135,0.1745,0.0115,0.02,0.053,0.0895
1.4284703731536865,-0.143,0.093,0.0445,0.0145,0.0115,0.1735,0.015,0.0865,0.058,0.0495,0.079,0.011,0.1675,0.0155,0.019,0.045,0.117
1.4110581874847412,-0.136,0.081,0.045,0.0125,0.013,0.177,0.0185,0.094,0.05,0.048,0.083,0.0145,0.166,0.02,0.0175,0.052,0.108
1.3428826332092285,-0.148,0.0785,0.054,0.0125,0.0095,0.1675,0.0185,0.101,0.0535,0.045,0.0845,0.0085,0.167,0.018,0.019,0.0555,0.1075
1.3133137226104736,-0.107,0.095,0.0445,0.009,0.015,0.162,0.0175,0.0905,0.044,0.05,0.0905,0.0145,0.179,0.017,0.02,0.045,0.1065
1.3664941787719727,-0.152,0.0825,0.0515,0.0095,0.0095,0.1745,0.012,0.0905,0.057,0.0485,0.0895,0.008,0.165,0.019,0.0205,0.0495,0.113
1.4043376445770264,-0.169,0.077,0.046,0.011,0.012,0.187,0.016,0.0865,0.0565,0.041,0.086,0.013,0.1695,0.012,0.0205,0.053,0.113
1.3305583000183105,-0.113,0.0915,0.053,0.0145,0.0095,0.1635,0.0205,0.088,0.046,0.0525,0.0805,0.013,0.1595,0.017,0.0175,0.05,0.1235
1.3853790760040283,-0.103,0.0915,0.0435,0.012,0.016,0.172,0.014,0.1035,0.051,0.042,0.0835,0.0105,0.1575,0.0145,0.021,0.0525,0.115
1.3232698440551758,-0.175,0.093,0.0475,0.0145,0.01,0.187,0.013,0.0915,0.0495,0.0505,0.0805,0.009,0.1715,0.0155,0.025,0.042,0.1
1.3200833797454834,-0.141,0.09,0.0415,0.0085,0.0115,0.176,0.0175,0.086,0.0535,0.049,0.0725,0.0125,0.177,0.02,0.0155,0.0495,0.1195
1.2948834896087646,-0.133,0.0865,0.0465,0.0175,0.0145,0.166,0.022,0.0885,0.0485,0.0495,0.0845,0.0115,0.1655,0.0135,0.026,0.047,0.1125
1.288315773010254,-0.152,0.09,0.0535,0.012,0.011,0.1775,0.019,0.086,0.0565,0.042,0.074,0.014,0.1645,0.0155,0.019,0.051,0.1145
1.3142163753509521,-0.146,0.096,0.0425,0.0125,0.0125,0.1785,0.0185,0.083,0.055,0.0545,0.0725,0.0185,0.149,0.0175,0.021,0.06,0.1085
1.4117989540100098,-0.145,0.0835,0.0475,0.0155,0.009,0.1685,0.017,0.0955,0.0485,0.041,0.087,0.011,0.179,0.015,0.022,0.0505,0.1095
1.337653636932373,-0.129,0.0875,0.0405,0.012,0.006,0.1735,0.019,0.0955,0.0515,0.047,0.0825,0.016,0.156,0.0155,0.025,0.059,0.1135
1.4130775928497314,-0.161,0.0915,0.0495,0.011,0.015,0.17,0.016,0.079,0.052,0.0475,0.085,0.009,0.173,0.0145,0.022,0.0555,0.1095
1.3029589653015137,-0.154,0.0935,0.044,0.0165,0.0145,0.1785,0.015,0.0935,0.0585,0.0405,0.0775,0.0145,0.1695,0.0155,0.021,0.0485,0.099
1.320380687713623,-0.144,0.081,0.0405,0.0135,0.0115,0.181,0.0215,0.1005,0.053,0.0495,0.079,0.0105,0.1605,0.0115,0.024,0.05,0.1125
1.3736186027526855,-0.109,0.0875,0.0505,0.016,0.0125,0.15,0.0185,0.0855,0.0475,0.049,0.1,0.0155,0.1715,0.0205,0.0225,0.0475,0.1055
1.3270165920257568,-0.147,0.0875,0.0485,0.011,0.013,0.174,0.0165,0.0905,0.053,0.047,0.0735,0.0095,0.174,0.014,0.019,0.047,0.122
1.293949842453003,-0.138,0.093,0.052,0.0145,0.0105,0.183,0.017,0.089,0.047,0.044,0.084,0.009,0.1615,0.012,0.02,0.047,0.1165
1.3465430736541748,-0.156,0.082,0.047,0.023,0.01,0.182,0.0165,0.0915,0.0495,0.052,0.0845,0.015,0.155,0.0165,0.015,0.0545,0.106
1.4394738674163818,-0.153,0.084,0.0455,0.0125,0.0185,0.1755,0.0155,0.093,0.0645,0.05,0.0785,0.012,0.1705,0.017,0.017,0.041,0.105
1.2853977680206299,-0.142,0.092,0.0445,0.0145,0.009,0.1835,0.0195,0.091,0.0475,0.042,0.0795,0.0105,0.1625,0.015,0.02,0.0565,0.1125
1.316511869430542,-0.143,0.0815,0.0355,0.0115,0.0135,0.179,0.015,0.097,0.0505,0.0465,0.087,0.0115,0.1665,0.017,0.022,0.06,0.106
1.419623851776123,-0.121,0.086,0.05,0.012,0.0095,0.1785,0.0195,0.093,0.0475,0.0385,0.0905,0.012,0.16,0.0165,0.02,0.054,0.1125
1.2766187191009521,-0.168,0.091,0.0415,0.0155,0.0105,0.1745,0.018,0.097,0.059,0.0435,0.0745,0.0125,0.1705,0.013,0.0165,0.063,0.0995
1.3564014434814453,-0.131,0.0975,0.0435,0.018,0.0135,0.17,0.0195,0.091,0.058,0.052,0.0785,0.015,0.154,0.012,0.02,0.05,0.1075
1.2924106121063232,-0.192,0.0725,0.0505,0.0125,0.016,0.187,0.014,0.0855,0.052,0.0435,0.09,0.0065,0.181,0.014,0.0215,0.048,0.1055
1.3090860843658447,-0.174,0.0815,0.043,0.019,0.014,0.1535,0.013,0.1105,0.053,0.0465,0.082,0.015,0.196,0.012,0.012,0.064,0.085
1.4426698684692383,-0.139,0.0865,0.0455,0.0125,0.0115,0.176,0.02,0.0825,0.0485,0.0375,0.099,0.012,0.1755,0.018,0.016,0.058,0.101
1.4156758785247803,-0.148,0.0925,0.049,0.0125,0.01,0.1665,0.0145,0.0855,0.056,0.053,0.081,0.0125,0.1645,0.014,0.0245,0.048,0.116
1.4125432968139648,-0.182,0.0825,0.0555,0.013,0.0115,0.171,0.015,0.084,0.0605,0.042,0.08,0.013,0.1725,0.014,0.019,0.0575,0.109
1.307567834854126,-0.22,0.0835,0.0505,0.0125,0.0115,0.192,0.0135,0.091,0.049,0.05,0.073,0.0065,0.177,0.018,0.022,0.057,0.093
1.3117105960845947,-0.112,0.0865,0.044,0.012,0.012,0.1735,0.0125,0.0985,0.05,0.048,0.0865,0.0115,0.1575,0.015,0.021,0.05,0.1215
1.3646965026855469,-0.166,0.093,0.044,0.0185,0.0115,0.1885,0.0115,0.0945,0.0445,0.052,0.0785,0.0105,0.1705,0.0165,0.019,0.046,0.101
1.2783126831054688,-0.144,0.077,0.047,0.0155,0.009,0.182,0.0205,0.094,0.049,0.043,0.094,0.016,0.164,0.0185,0.0175,0.054,0.099
1.3720295429229736,-0.159,0.084,0.0455,0.0135,0.0135,0.173,0.0145,0.093,0.056,0.0475,0.081,0.0145,0.181,0.0105,0.0155,0.0475,0.1095
1.3080601692199707,-0.15,0.095,0.05,0.016,0.0115,0.1695,0.021,0.0795,0.043,0.048,0.08,0.011,0.164,0.016,0.021,0.0635,0.111
1.4433484077453613,-0.149,0.09,0.052,0.015,0.011,0.1725,0.0125,0.085,0.0545,0.047,0.0785,0.01,0.1545,0.0205,0.025,0.054,0.118
1.3490307331085205,-0.121,0.0955,0.0365,0.0125,0.0095,0.1815,0.016,0.096,0.0515,0.048,0.0745,0.015,0.16,0.0175,0.021,0.0495,0.1155
1.3960843086242676,-0.165,0.09,0.05,0.015,0.014,0.1655,0.0135,0.0865,0.0575,0.0485,0.0805,0.014,0.1695,0.014,0.018,0.0585,0.105
1.3786070346832275,-0.179,0.0825,0.0535,0.013,0.013,0.183,0.0165,0.098,0.055,0.045,0.083,0.0115,0.1645,0.0105,0.016,0.0595,0.0955
1.385779619216919,-0.166,0.0775,0.046,0.0125,0.0125,0.176,0.0145,0.0905,0.05,0.047,0.0835,0.0075,0.173,0.014,0.018,0.0605,0.117
1.4103217124938965,-0.182,0.0735,0.0455,0.0145,0.014,0.1805,0.018,0.0865,0.0475,0.0525,0.0825,0.0105,0.183,0.012,0.0165,0.051,0.112
1.3323941230773926,-0.139,0.097,0.053,0.0155,0.014,0.1655,0.015,0.089,0.0495,0.0375,0.0775,0.0125,0.178,0.0175,0.018,0.0525,0.108
1.260028600692749,-0.196,0.086,0.0465,0.013,0.0155,0.1845,0.014,0.0955,0.049,0.041,0.0635,0.0135,0.188,0.011,0.0255,0.0505,0.103
1.3132009506225586,-0.184,0.088,0.0545,0.015,0.01,0.18,0.0135,0.08,0.054,0.055,0.086,0.0125,0.151,0.015,0.027,0.0555,0.103
1.2767589092254639,-0.178,0.073,0.0435,0.021,0.0165,0.166,0.014,0.0965,0.044,0.0505,0.0765,0.016,0.192,0.0175,0.016,0.056,0.101
1.2815477848052979,-0.174,0.074,0.0385,0.0135,0.0165,0.183,0.021,0.0835,0.0535,0.046,0.086,0.0105,0.1745,0.0155,0.028,0.05,0.106
1.3390560150146484,-0.171,0.088,0.048,0.011,0.0075,0.18,0.017,0.088,0.0715,0.04,0.0715,0.017,0.1675,0.014,0.018,0.0495,0.1115
1.27823805809021,-0.144,0.0765,0.0445,0.0165,0.015,0.1635,0.0085,0.111,0.0565,0.0435,0.0925,0.0155,0.1835,0.015,0.0115,0.0525,0.094
1.3463160991668701,-0.144,0.084,0.0465,0.011,0.0125,0.1845,0.023,0.077,0.053,0.049,0.0895,0.013,0.154,0.018,0.0175,0.0565,0.111
1.2441463470458984,-0.125,0.094,0.0455,0.014,0.016,0.163,0.018,0.085,0.049,0.0475,0.0875,0.013,0.1695,0.0165,0.018,0.056,0.1075
1.3733577728271484,-0.169,0.079,0.0475,0.013,0.011,0.1795,0.016,0.076,0.0585,0.0475,0.085,0.0115,0.171,0.0165,0.0195,0.048,0.1205
1.3250513076782227,-0.164,0.0875,0.053,0.012,0.0115,0.1855,0.014,0.0935,0.05,0.0415,0.079,0.0135,0.1605,0.0145,0.021,0.0585,0.1045
1.2672584056854248,-0.202,0.0775,0.0475,0.011,0.0105,0.1915,0.016,0.091,0.057,0.05,0.08,0.011,0.169,0.014,0.0225,0.0525,0.099
1.3536150455474854,-0.177,0.077,0.043,0.015,0.012,0.1935,0.0195,0.0845,0.047,0.0435,0.0835,0.016,0.1705,0.013,0.017,0.059,0.106
1.290278434753418,-0.18,0.084,0.049,0.0115,0.0085,0.198,0.0165,0.0815,0.042,0.046,0.074,0.0135,0.1705,0.015,0.02,0.053,0.117
1.4081246852874756,-0.154,0.0925,0.045,0.013,0.01,0.189,0.02,0.081,0.05,0.0445,0.076,0.0095,0.158,0.016,0.022,0.0555,0.118
1.3549022674560547,-0.151,0.086,0.0455,0.0175,0.0105,0.171,0.0185,0.0955,0.0555,0.0425,0.079,0.014,0.165,0.016,0.0205,0.058,0.105
1.7367537021636963,-0.169,0.0755,0.05,0.01,0.011,0.186,0.0165,0.0855,0.0485,0.0465,0.0855,0.011,0.168,0.0175,0.0205,0.055,0.113
1.3011209964752197,-0.159,0.0965,0.0525,0.016,0.01,0.171,0.022,0.086,0.0535,0.046,0.0785,0.0115,0.1695,0.0135,0.0165,0.0545,0.1025
1.2963364124298096,-0.178,0.088,0.045,0.0165,0.0085,0.1855,0.0165,0.0855,0.05,0.0455,0.07,0.0105,0.1685,0.016,0.024,0.054,0.116
1.3690898418426514,-0.153,0.086,0.0435,0.0095,0.0145,0.197,0.014,0.086,0.04,0.0475,0.0925,0.014,0.175,0.0175,0.022,0.042,0.099
1.3160083293914795,-0.163,0.0845,0.0505,0.013,0.0115,0.1705,0.0155,0.1025,0.048,0.0405,0.0795,0.005,0.1765,0.018,0.0235,0.059,0.102
1.2998270988464355,-0.176,0.084,0.0445,0.015,0.01,0.1965,0.017,0.0925,0.0465,0.0475,0.08,0.009,0.168,0.014,0.0165,0.0535,0.1055
1.303330898284912,-0.095,0.091,0.0415,0.01,0.009,0.171,0.0195,0.106,0.0585,0.046,0.0925,0.0115,0.1495,0.0155,0.0175,0.0535,0.1075
1.3607993125915527,-0.133,0.075,0.05,0.014,0.015,0.17,0.018,0.0925,0.047,0.0405,0.0855,0.013,0.166,0.015,0.0215,0.0575,0.1195
1.265263557434082,-0.121,0.091,0.0485,0.01,0.008,0.174,0.024,0.0975,0.054,0.049,0.0855,0.0095,0.156,0.0145,0.0205,0.0485,0.1095
1.284975290298462,-0.14,0.089,0.046,0.013,0.01,0.178,0.022,0.0855,0.059,0.0505,0.0885,0.015,0.155,0.012,0.0195,0.049,0.108
1.2762489318847656,-0.15,0.0775,0.0435,0.012,0.012,0.1745,0.0205,0.0955,0.0505,0.0415,0.0895,0.009,0.171,0.015,0.023,0.059,0.106
1.2400543689727783,-0.178,0.0935,0.0485,0.0135,0.01,0.189,0.016,0.092,0.0555,0.0435,0.068,0.012,0.167,0.015,0.021,0.051,0.1045
1.315685510635376,-0.155,0.0955,0.041,0.014,0.0095,0.1795,0.0205,0.0885,0.0435,0.044,0.0675,0.01,0.183,0.017,0.021,0.0515,0.114
1.28867506980896,-0.158,0.0885,0.048,0.0125,0.013,0.1815,0.018,0.0915,0.044,0.041,0.0715,0.0095,0.1735,0.0145,0.0205,0.058,0.1145
1.305968999862671,-0.165,0.0825,0.0435,0.016,0.013,0.1775,0.0125,0.0955,0.0485,0.045,0.081,0.014,0.175,0.018,0.023,0.054,0.101
1.4287128448486328,-0.115,0.092,0.048,0.012,0.0115,0.171,0.02,0.1005,0.048,0.0425,0.0765,0.0135,0.159,0.022,0.0145,0.0625,0.1065
1.3194165229797363,-0.147,0.082,0.0455,0.015,0.0115,0.1805,0.0185,0.0985,0.0485,0.0475,0.082,0.009,0.161,0.014,0.022,0.0535,0.111
1.2830963134765625,-0.144,0.089,0.052,0.0115,0.0095,0.175,0.018,0.1005,0.049,0.0475,0.0815,0.006,0.1605,0.019,0.02,0.0565,0.1045
1.3642630577087402,-0.174,0.0845,0.0385,0.0165,0.0105,0.176,0.0195,0.0885,0.054,0.0475,0.076,0.011,0.1785,0.017,0.0155,0.0605,0.106
1.364213466644287,-0.133,0.092,0.048,0.015,0.0105,0.183,0.012,0.0985,0.044,0.049,0.086,0.0125,0.1625,0.014,0.019,0.046,0.108
1.3915884494781494,-0.163,0.082,0.043,0.0065,0.0115,0.191,0.021,0.0905,0.046,0.055,0.0735,0.013,0.1665,0.015,0.0245,0.049,0.112
1.3833301067352295,-0.166,0.088,0.048,0.013,0.0105,0.181,0.0185,0.1035,0.054,0.0435,0.069,0.0075,0.171,0.015,0.0185,0.054,0.105
1.3872849941253662,-0.168,0.0835,0.0375,0.014,0.0145,0.1895,0.0145,0.0895,0.0565,0.047,0.0875,0.012,0.172,0.014,0.021,0.0465,0.1005
1.3810949325561523,-0.139,0.083,0.042,0.0155,0.012,0.185,0.018,0.092,0.0495,0.0375,0.078,0.0125,0.167,0.009,0.024,0.049,0.126
1.2790822982788086,-0.131,0.086,0.0565,0.008,0.013,0.162,0.0185,0.0935,0.0555,0.0455,0.077,0.0145,0.161,0.0095,0.0215,0.0555,0.1225
1.3374924659729004,-0.178,0.091,0.046,0.019,0.011,0.181,0.0215,0.083,0.058,0.049,0.0725,0.0105,0.1605,0.0155,0.02,0.0555,0.106
1.385087251663208,-0.149,0.0805,0.046,0.018,0.013,0.169,0.0125,0.096,0.05,0.0425,0.0885,0.011,0.1785,0.0165,0.017,0.0535,0.1075
1.3603692054748535,-0.117,0.1005,0.043,0.017,0.013,0.178,0.013,0.0865,0.057,0.034,0.093,0.0115,0.16,0.013,0.0145,0.055,0.111
1.338792085647583,-0.11,0.094,0.052,0.016,0.0115,0.17,0.018,0.088,0.046,0.0405,0.093,0.014,0.161,0.0105,0.0155,0.054,0.116
1.3158471584320068,-0.153,0.0825,0.0465,0.0155,0.013,0.1735,0.013,0.0935,0.0555,0.049,0.083,0.0125,0.1635,0.0105,0.0185,0.0545,0.1155
1.3885447978973389,-0.126,0.0865,0.047,0.015,0.0125,0.173,0.0175,0.0935,0.049,0.043,0.0785,0.0115,0.1585,0.0165,0.0225,0.055,0.1205
1.3469195365905762,-0.156,0.083,0.0395,0.011,0.0115,0.165,0.018,0.0985,0.058,0.0475,0.079,0.0125,0.1845,0.0155,0.016,0.0565,0.104
1.3570144176483154,-0.172,0.083,0.0435,0.0115,0.014,0.1945,0.016,0.0875,0.0505,0.036,0.0765,0.013,0.168,0.0155,0.028,0.054,0.1085
1.4013710021972656,-0.131,0.091,0.0445,0.0155,0.013,0.186,0.017,0.089,0.0475,0.0455,0.0905,0.0095,0.157,0.0125,0.024,0.0455,0.112
1.244802713394165,-0.163,0.0875,0.0555,0.0115,0.013,0.188,0.015,0.0905,0.0575,0.0505,0.0805,0.016,0.157,0.0155,0.021,0.0405,0.1005
1.351327657699585,-0.18,0.077,0.043,0.0145,0.006,0.1875,0.0165,0.0875,0.0655,0.0395,0.0865,0.0105,0.172,0.015,0.018,0.05,0.111
1.3943850994110107,-0.189,0.089,0.0465,0.0145,0.0115,0.1805,0.015,0.078,0.052,0.0475,0.073,0.0095,0.178,0.016,0.025,0.0505,0.1135
1.31052565574646,-0.147,0.091,0.0515,0.015,0.013,0.1785,0.019,0.0815,0.0525,0.0405,0.0905,0.0095,0.1565,0.0165,0.0205,0.0585,0.1055
1.3576385974884033,-0.168,0.0915,0.044,0.014,0.0075,0.174,0.0185,0.091,0.0555,0.051,0.0765,0.0095,0.1635,0.0185,0.02,0.062,0.103
1.4606778621673584,-0.143,0.08,0.0505,0.012,0.011,0.169,0.029,0.084,0.0485,0.0525,0.086,0.0125,0.154,0.016,0.0245,0.0605,0.11
1.38486647605896,-0.159,0.087,0.045,0.0195,0.0135,0.166,0.016,0.093,0.046,0.0475,0.079,0.009,0.177,0.0145,0.022,0.0565,0.1085
1.290895700454712,-0.137,0.0785,0.0495,0.015,0.0105,0.1735,0.0175,0.0855,0.0495,0.0475,0.0835,0.0145,0.1625,0.0155,0.017,0.054,0.126
1.3243317604064941,-0.124,0.082,0.0485,0.0145,0.0115,0.173,0.0215,0.093,0.041,0.037,0.082,0.014,0.1685,0.0155,0.026,0.0535,0.1185
1.3567523956298828,-0.173,0.089,0.0435,0.0125,0.0135,0.1835,0.0165,0.083,0.047,0.055,0.0785,0.0075,0.175,0.016,0.0215,0.0485,0.1095
1.334939956665039,-0.117,0.0795,0.0505,0.0145,0.011,0.185,0.0145,0.098,0.046,0.041,0.082,0.0115,0.1505,0.018,0.016,0.055,0.127
1.3319895267486572,-0.167,0.0805,0.0505,0.018,0.015,0.1755,0.0125,0.108,0.045,0.0445,0.091,0.013,0.182,0.011,0.016,0.052,0.0855
1.264746904373169,-0.132,0.0815,0.0425,0.0135,0.0095,0.185,0.0225,0.1,0.0525,0.0455,0.083,0.0145,0.147,0.0115,0.021,0.059,0.1115
1.3699314594268799,-0.127,0.0925,0.044,0.0145,0.0135,0.1775,0.0135,0.101,0.0495,0.048,0.079,0.0115,0.1605,0.014,0.025,0.0445,0.1115
1.3617424964904785,-0.169,0.08,0.045,0.019,0.0125,0.1985,0.015,0.088,0.049,0.049,0.0745,0.011,0.1565,0.014,0.0185,0.049,0.1205
1.4038341045379639,-0.12,0.082,0.0385,0.0115,0.018,0.191,0.021,0.094,0.0505,0.0395,0.0795,0.0085,0.1635,0.0215,0.019,0.0465,0.1155
1.2801525592803955,-0.125,0.0885,0.0475,0.0135,0.009,0.167,0.018,0.0995,0.0535,0.0515,0.0835,0.0155,0.158,0.018,0.019,0.0525,0.1055
1.3616302013397217,-0.141,0.079,0.044,0.013,0.0105,0.172,0.016,0.093,0.0485,0.056,0.093,0.013,0.169,0.015,0.0185,0.0495,0.11
1.3181893825531006,-0.151,0.0875,0.049,0.017,0.014,0.1695,0.017,0.092,0.047,0.0505,0.085,0.016,0.1645,0.011,0.0185,0.0595,0.102
1.4478716850280762,-0.169,0.071,0.046,0.0135,0.0165,0.203,0.02,0.101,0.049,0.04,0.0765,0.01,0.1555,0.0185,0.0235,0.054,0.102
1.3554136753082275,-0.104,0.085,0.047,0.0095,0.011,0.181,0.022,0.094,0.05,0.039,0.088,0.01,0.161,0.02,0.015,0.0495,0.118
1.3394124507904053,-0.173,0.0885,0.0455,0.0165,0.0105,0.1735,0.015,0.0955,0.048,0.044,0.0765,0.011,0.172,0.0155,0.021,0.066,0.101
1.3674266338348389,-0.163,0.079,0.0555,0.016,0.011,0.169,0.0165,0.0985,0.049,0.05,0.0805,0.01,0.172,0.014,0.0145,0.0555,0.109
1.2835686206817627,-0.167,0.0775,0.0455,0.0125,0.0125,0.179,0.0195,0.093,0.053,0.041,0.0885,0.0095,0.176,0.016,0.023,0.0535,0.1
1.2998814582824707,-0.105,0.076,0.043,0.0145,0.0165,0.1825,0.0185,0.0945,0.0395,0.0515,0.092,0.013,0.157,0.0225,0.0195,0.045,0.1145
1.3197860717773438,-0.139,0.09,0.048,0.013,0.009,0.175,0.0175,0.089,0.045,0.049,0.081,0.007,0.168,0.0175,0.025,0.0465,0.1195
1.297438383102417,-0.143,0.0835,0.0435,0.011,0.015,0.1775,0.021,0.0855,0.053,0.05,0.0855,0.0125,0.155,0.0135,0.029,0.0525,0.112
1.3178210258483887,-0.132,0.083,0.04,0.016,0.009,0.179,0.018,0.0965,0.056,0.0425,0.0775,0.014,0.1575,0.016,0.019,0.056,0.12
